76_fujita_png.rf.250c25756b9ba79a5bd37cf8ef9008da.jpg 3,160,24,176,13 35,162,55,178,4 69,149,84,180,14 97,158,113,177,15 115,160,130,176,16 134,160,147,177,19 156,144,181,177,7 191,154,211,171,0 221,156,237,171,15 245,155,259,169,15 259,157,269,169,16 271,154,283,173,19 290,140,317,174,6
65_carlos_png.rf.39f11dc80f5d43f4d078a0668f86ebd4.jpg 4,150,49,180,20 81,161,105,177,4 145,154,162,179,18 191,155,214,182,15 223,156,242,180,16 248,156,271,182,19 290,140,317,178,12
75_danilo_png.rf.2e6c70ce8538a00380257ff27b649218.jpg 3,162,19,180,15 26,142,44,160,3 52,166,74,179,4 84,160,103,172,13 108,145,123,158,3 130,158,149,175,0 160,149,174,169,14 174,140,191,154,3 187,160,209,170,1 215,149,230,170,3 234,154,252,167,13 256,146,266,167,14 269,152,278,165,15 280,151,290,163,16 291,150,301,165,19 302,147,317,165,7
70_edwin_png.rf.762189a96010b25083a3f88b6f481da8.jpg 2,133,27,162,15 34,135,51,159,16 57,133,75,158,19 89,129,119,166,12 131,139,151,152,4 224,119,248,140,20 167,144,318,156,10 171,162,190,194,11 191,182,206,199,20 246,181,262,200,21 223,179,239,194,0 264,175,280,186,3 206,174,218,184,3
73_Frank_png.rf.838f18c10be160039b3267ae9d7034f2.jpg 1,105,19,201,9 299,102,319,218,9 29,115,56,140,13 65,119,81,142,20 84,129,98,141,2 111,118,135,150,0 145,113,164,146,14 175,122,190,145,21 190,131,201,143,2 208,120,234,144,0 242,122,262,140,15 86,179,110,199,13 110,173,126,185,3 137,178,163,199,0 185,172,205,200,14 211,173,229,187,3 40,166,85,211,11 23,155,252,165,10
79_Nina_png.rf.856cd3afdb1b15dde96ea2713fb4d8d6.jpg 3,158,22,192,17 32,164,48,178,4 53,130,79,197,11 80,162,102,182,13 96,146,114,161,3 119,165,135,184,0 145,154,160,186,14 162,144,178,160,3 177,173,190,181,1 194,164,210,183,3 210,173,226,186,13 227,157,238,187,14 242,171,253,184,15 253,170,263,184,16 264,166,275,185,19 284,148,303,184,5
75_caue_png.rf.0ba7e51b89180ad1823c005983750a13.jpg 3,154,22,176,15 24,147,35,168,3 41,159,56,172,4 64,155,82,179,13 84,146,96,165,3 103,156,116,172,0 123,149,143,177,14 145,147,156,164,3 161,158,180,167,1 187,145,202,175,3 208,157,222,176,13 225,151,241,175,14 249,155,263,173,15 267,157,279,172,16 281,157,295,175,19 303,144,319,176,7
70_david_png.rf.7d9735944c68f215f826237a96a8b7c0.jpg 2,128,22,150,15 29,131,54,150,16 58,127,75,146,19 84,113,113,151,12 127,135,153,150,4 215,114,254,134,20 164,135,316,143,10 195,174,220,193,20 263,176,286,208,21 275,159,295,174,3 210,161,226,177,3 234,170,253,190,0 167,145,195,201,11
75_Fabricio_png.rf.5c1ae80050cdc357b0e2ca212503226d.jpg 2,150,18,170,15 19,139,32,155,3 35,156,52,167,4 62,156,81,169,13 79,141,93,155,3 102,154,118,169,0 128,144,143,172,14 146,142,160,158,3 170,163,185,172,1 191,153,209,177,3 215,163,231,177,13 236,153,248,180,14 257,165,269,177,15 272,165,283,176,16 285,165,294,178,19 300,155,318,180,7
79_leo_png.rf.2f8f5c39f2296fcbb49099f968d37ce2.jpg 1,149,28,190,8 29,160,50,173,4 58,136,85,201,11 83,170,99,186,13 91,157,103,168,3 105,164,116,182,0 123,161,138,185,14 137,152,150,164,3 146,169,161,175,1 167,155,186,182,3 187,166,198,182,13 201,151,215,179,14 222,163,234,180,15 232,166,241,178,16 240,164,249,178,19 256,151,278,178,5
65_david_png.rf.a30e74f27ec413e4a52f9edf5db2d7cf.jpg 3,157,39,183,20 70,159,96,175,4 138,154,163,179,18 188,157,210,179,15 216,160,239,180,16 242,157,262,184,19 291,137,316,177,12
65_alfonso_png.rf.9d51568b4a4a23d257387d7d39a1b191.jpg 5,146,54,184,20 76,155,114,178,4 134,152,171,184,18 199,153,219,178,15 226,153,246,178,16 251,155,271,178,19 284,136,317,178,12
75_david_png.rf.9ed02aa32a997099e40927b691919241.jpg 2,158,22,177,15 17,141,32,156,3 36,157,51,170,4 66,158,94,174,13 83,145,97,159,3 103,153,118,170,0 127,142,144,182,14 141,138,152,154,3 157,161,170,172,1 181,147,198,181,3 200,165,218,180,13 221,152,236,180,14 245,167,258,181,15 259,167,271,180,16 270,167,281,180,19 289,147,317,181,7
76_Frank_png.rf.b56597b7142df2c7f2956e53defd875f.jpg 4,154,21,172,13 29,155,49,171,4 62,143,81,173,14 104,158,115,171,15 120,159,132,173,16 138,158,151,172,19 165,149,186,174,7 198,156,215,172,0 230,159,244,171,15 259,162,272,173,15 273,159,284,174,16 287,161,298,174,19 302,146,319,173,6
73_herbert_png.rf.a8d3cdc2170148eb670068e43c575526.jpg 1,102,16,218,9 309,102,319,201,9 51,159,80,200,11 82,173,109,196,13 130,171,155,190,0 169,165,192,198,14 198,161,215,173,3 107,163,120,173,3 26,124,53,145,13 62,121,89,140,20 92,133,102,144,2 114,123,141,142,0 155,112,181,143,14 193,117,214,150,21 216,134,226,144,2 236,119,256,143,0 272,118,299,144,15
76_jorge_png.rf.b8d22ac30c463a6ae56f61ea4205655a.jpg 3,150,35,171,13 42,154,70,170,4 72,137,97,171,14 102,151,121,169,15 123,154,141,170,16 141,151,159,174,19 163,141,188,180,7 195,149,219,173,0 231,155,242,169,15 250,153,267,170,15 269,158,280,170,16 281,159,292,173,19 293,144,319,183,6
70_caue_png.rf.bc072a95fad18cd2edaac0e56db63099.jpg 3,137,22,164,15 29,141,46,164,16 50,142,68,165,19 78,131,94,167,12 105,144,121,157,4 198,119,218,134,20 154,172,169,185,20 172,162,181,175,3 193,170,207,185,0 225,165,244,201,21 246,162,260,178,3 128,150,153,198,11 128,137,317,147,10
75_edwin_png.rf.bd69de897e5202950c40d4c251c42519.jpg 2,156,22,174,15 20,145,34,161,3 40,162,55,171,4 65,159,80,175,13 79,147,92,161,3 94,154,112,176,0 122,153,138,173,14 138,147,153,159,3 160,160,181,167,1 190,154,213,174,3 215,161,229,172,13 229,148,242,172,14 251,156,264,171,15 267,157,277,172,16 280,155,291,172,19 297,146,316,174,7
79_miguel_png.rf.b2b7efafcb1d2138cd07c02afefc4cd2.jpg 3,151,25,177,17 40,159,61,175,4 68,141,88,178,11 87,162,105,173,13 105,152,117,163,3 121,159,134,171,0 141,153,154,173,14 155,154,165,165,3 168,163,184,171,1 196,154,211,174,3 216,160,232,172,13 235,152,248,172,14 251,161,262,173,15 263,161,274,172,16 275,162,285,172,19 292,153,307,175,5
70_Fabricio_png.rf.8cde81116b0d35c750aaebda6e5bbe25.jpg 2,123,18,146,15 24,128,37,147,16 45,130,57,150,19 72,115,92,155,12 111,134,132,151,4 155,142,312,151,10 222,114,247,134,20 186,180,204,198,20 201,167,216,182,3 225,176,246,196,0 262,176,282,206,21 284,165,301,180,3 159,157,186,200,11
79_lucelia_png.rf.bed09714fea3937fc6d99d6d71ed6c15.jpg 1,157,19,182,17 23,157,40,167,4 46,138,74,182,11 74,163,96,175,13 83,152,98,161,3 101,161,114,175,0 118,157,133,174,14 130,151,141,161,3 140,163,153,170,1 156,155,172,173,3 174,160,190,173,13 192,151,208,170,14 209,159,220,173,15 223,160,232,171,16 232,161,242,172,19 245,152,259,173,5
76_Fabricio_png.rf.c404cbb31bb9dfc8aa0fd55b688387e8.jpg 3,151,25,175,13 41,154,64,168,4 75,139,90,173,14 107,159,118,173,15 122,162,132,175,16 135,162,143,178,19 159,146,177,178,7 191,157,207,173,0 218,161,231,175,15 251,160,265,178,15 268,165,278,180,16 282,164,293,181,19 299,151,317,180,6
73_fujita_png.rf.ac1fbb6d6aa1a4299d9d57b49affe11a.jpg 3,100,14,228,9 307,102,318,224,9 31,106,54,129,13 65,105,85,127,20 108,101,132,122,0 141,95,156,126,14 165,102,189,145,21 192,116,205,128,2 208,107,231,124,0 247,98,270,120,15 81,192,115,208,13 135,183,155,203,0 105,168,121,184,3 194,167,211,182,3 170,172,189,210,14 37,164,80,214,11 16,142,178,156,10
73_Fabricio_png.rf.dd16b5b637386862283fb6349e15eda2.jpg 1,89,13,236,9 308,86,318,229,9 36,113,64,135,13 72,116,91,138,20 95,128,108,138,2 125,115,142,138,0 165,107,184,141,14 192,121,211,151,21 216,126,229,141,2 241,121,259,139,0 279,119,297,138,20 71,205,98,224,13 94,189,113,206,3 137,199,155,215,0 194,186,211,224,14 216,185,232,201,3 21,175,69,225,11 19,151,305,162,10
65_daniel_png.rf.d35e2c93354157dc5d8630a2eaaac3a1.jpg 3,138,36,180,20 61,150,87,175,4 122,140,154,175,18 170,142,194,171,15 201,144,225,170,16 229,143,254,177,19 281,140,317,174,12
79_maira_png.rf.fac640444a9d231cc419c95a1747152a.jpg 24,154,41,188,17 48,158,70,175,4 74,136,96,192,11 94,165,119,185,13 104,151,126,162,3 156,147,175,157,3 149,157,164,181,14 167,170,179,176,1 185,157,202,182,3 204,167,220,181,13 220,152,235,179,14 239,166,250,180,15 251,163,264,178,16 267,165,278,180,19 280,157,301,179,5
73_hirata_png.rf.d8fad26dafe756e86b28b238210ddf11.jpg 40,119,67,152,13 75,121,104,159,20 108,145,123,159,2 133,122,160,158,0 170,111,197,156,14 206,121,227,177,21 229,141,242,158,2 252,122,273,155,0 275,127,303,155,15 88,195,109,221,13 112,186,127,201,3 147,198,168,229,0 184,184,213,228,14 217,183,236,200,3 60,180,85,230,11 26,164,308,175,10 1,100,15,225,9 312,89,318,231,9
65_caue_png.rf.e97e266a8da30cf696fd985dfb37c7b5.jpg 4,142,33,172,20 63,150,84,163,4 110,141,132,171,18 170,142,198,175,15 209,143,239,171,16 243,147,274,179,19 289,140,317,179,12
70_daniel_png.rf.ea4b93f4d8cd33cf29bc35ac448b1786.jpg 1,144,21,169,15 33,144,57,170,16 61,143,81,176,19 94,142,120,174,12 137,145,156,164,4 231,113,258,140,20 204,180,224,204,20 226,175,239,191,3 256,180,281,198,0 289,173,303,203,21 303,165,318,183,3 173,163,201,200,11 175,143,309,155,10
76_leissi_png.rf.fb8e2e826358de1e46818a5f7eb8fd42.jpg 3,151,26,172,13 37,159,52,173,4 60,146,82,174,14 97,156,115,171,15 119,157,134,172,16 135,155,151,173,19 156,145,179,174,7 188,154,207,171,0 225,156,239,171,15 250,158,263,173,15 265,158,276,172,16 276,158,290,174,19 296,145,317,176,6